0.24002921426331003
0.4912925822857367
0.5288132583495221
0.6981662762806717
0.388664893308025
0.29397701170195134
0.9020490966648814
0.7442918156114533
0.47640733483002873
0.024516250103304493
0.1777023546487575
0.08528238586481518
0.6672743389205459
0.736241925635555
0.5316433310917098
0.8253871301410652
0.03836602487320295
0.446709326675758
0.7547448354407672
0.743755136801646
0.07794742848223102
0.21487112269374486
0.10839828355750658
0.9326754466882795
0.7822561494001823
0.8212259862516144
0.10811632212932865
0.7857551589194235
0.3381264932084478
0.6486289574016193
0.07045717082243663
0.2388988093283888
0.5201226077394069
0.7296140761986272
0.4157330095115527
0.1757400281359398
0.3537248931092005
0.8254946692938752
0.6574411781416608
0.9492166317122454
0.3002151734738915
0.8331698515990908
0.7290833993256307
0.04226855025006826
0.2042583799357055
0.777480303838753
0.8000148425712144
0.9931775872961969
0.5117791707946284
0.14012057231561026
0.014191579358151962
0.844856683394844
0.8135842261146632
0.3005290084005433
0.6491611148952153
0.542435932526731
0.5992821863422061
0.4198403499480071
0.03736792401035138
0.899780930813619
0.21640456647032957
0.1859003963755742
0.21782180657305772
0.9831188341114906
0.4212331385395197
0.4555061855480921
0.6934037217967138
0.018736052625082267
0.5806901499400381
0.9794487226875794
0.8575604729350408
0.22175081329762036
0.5387498066263233
0.07660018901000254
0.6238659409514241
0.26425284628230106
0.39618076181875794
0.33520061593143236
0.5429031484524472
0.4536414685071771
0.9690310743432734
0.16266415359303277
0.22314822883415342
0.07578241970848043
0.4891184615842775
0.2796381178017219
0.18601362023207246
0.7726429394278492
0.18889038535698555
0.05971285647426727
0.37993458727867147
0.2703533699162698
0.7733701576089198
0.953093842150385
0.45435961668611424
0.25118322175465413
0.4235063897022736
0.10071234074433155
0.5517319164333231
0.6717077919044143
0.8980954179402167
0.6446639074523223
0.814025740710657
0.3694815498117021
0.5055470473650923
0.17152930387441
0.020127623367697356
0.3718226274961265
0.20211609061051572
0.18704535816566292
0.7713297403904956
0.9228523213281407
0.8398236972735746
0.5137580641346825
0.4244284656427866
0.8787225694856196
0.6351436550096863
0.027704138547540724
0.5353982371361785
